0: 769 9 401 153 800 417 33 553 297 169 825 697 961 585 841 721 601 729 481 225 233 625
1: 32 576 192 776 584 648 40 456 872 424 264 432 792 400 168 728 952 280
2: 99 291 3 987 931 163 75 331 587 219 11 275 371 179 627 115 859 763
3: 386 2 146 26 434 562 818 954 698 194 74 842 466 474 98 618 106 754 370
4: 541 573 997 933 869 669 701 205 557 973 893 61 693 437 853 477
5: 700 164 996 228 100 292 196 924 140 908 652 116 916 308 252 244 52 92
6: 231 615 871 967 103 391 559 687 399 55 695 959 31 287
7: 262 390 134 654 142 414 926 670 294 550 302 574 62 710 86 726 734 102 486 622 878 630
8: 897 385 521 17 289 49 945 305 561 313 441 705 457 337 473 729 233 377 113 369 497 761
9: 0 64 608 896 544 960 440 32 776 392 72 472 560 624 176 720 984 504
10: 899 643 907 11 915 787 147 539 299 683 43 563 955 707 971 459 211 723 219 347 491 747 243 891
11: 800 418 162 578 2 154 810 362 74 10 365 242 730 250 922
12: 645 637 197 733 261 301 909 77 717 461 685 109 149 405 53 725 757 157
13: 396 788 916 20 412 924 420 164 428 812 172 436 68 76 460 596 348 868 100 236 620 380
14: 407 279 151 927 31 543 167 807 39 439 967 607 487 871 239 879 887 503 383
15: 398 542 670 798 286 942 822 190 710 838 78 462 974 342 94 606 750 886 758
16: 513 609 777 905 681 969 521 409 569 81 113 273 881 241 633
17: 352 576 312 480 232 8 568 872 536 808 392 880 304 760 560 856
18: 771 267 907 787 155 291 419 555 683 171 811 939 955 827 459 83 731 603 475 227 363 747 115 627 251
19: 642 138 530 786 410 666 26 922 290 802 826 970 458 594 978 474 610 354 226 874 506 882 378
20: 133 421 741 165 397 173 909 237 493 13 661 405 693 21 253 53 957
21: 836 828 140 268 908 92 76 692 852 316 468 948 20 212 412
22: 535 567 599 583 807 647 71 727 887 271 495 911 87 951 375 255
23: 262 918 670 814 694 446 830 958 70 590 334 206 854 342 86 598 990 734 878 118 382
24: 513 913 785 409 921 289 929 553 561 313 833 449 457 713 849 217 889 353 993 105 881 497 505
25: 384 896 280 160 552 424 432 440 568 320 584 968 456 592 344 856 360 104 616 496 888 760
26: 387 3 19 923 27 35 931 171 955 67 835 587 971 467 91 483 995 867 875 251 763
27: 770 66 450 122 522 970 266 714 42 506 114 210 274 634 306 26 858 890
28: 901 805 229 549 797 829 749 365 45 429 781 493 181 53 629 853 221
29: 132 324 109 460 748 60 332 268 972 684 508 532 284 148 348 916 954 572
30: 199 999 167 807 679 543 263 663 783 823 871 527 847 239 831 887 127 351
31: 318 414 70 742 518 6 230 510 78 766 14 46 958 886 246 854 94
32: 89 1 289 995 392 393 425 9 537 145 945 561 433 369 529 497 569
33: 384 512 768 0 136 392 656 920 544 160 812 176 944 952 576 448 464 616 240 371 120
34: 771 395 139 779 651 403 555 819 179 315 955 707 715 203 979 339 475 859 867 995 355 487 363 630 635
35: 866 682 650 714 458 442 722 498 370 914 634 146 698 850 26 794 858
36: 229 773 133 733 101 837 301 749 397 653 717 757 85 277 405 605 958
37: 612 292 868 932 644 428 172 748 44 492 876 812 780 460 820 212 684 628
38: 391 639 767 407 895 159 815 567 823 447 711 71 727 87 95 487 615 631 511
39: 14 526 894 406 790 926 542 814 302 574 838 326 462 206 590 726 102 878 638
40: 1 385 641 769 905 137 521 529 553 169 177 945 433 313 833 201 457 81 849 593 345 353 481 609 369 625 497
41: 264 272 160 672 168 176 696 824 317 448 840 592 984 472 864 632 109 752 760 376
42: 131 899 771 531 403 27 795 547 563 307 947 827 451 971 851 595 987 611 379 123
43: 130 10 266 658 674 930 298 818 50 946 58 186 962 986 858 482 994 490 106 754 370
44: 477 37 701 829 781 525 45 893 461 725 157 693 853 317 285
45: 516 996 932 420 876 28 556 44 492 364 916 252 276 380 572
46: 519 783 143 919 31 687 559 183 447 207 591 87 215 863 487 871 623 879 495 759 255
47: 446 966 134 158 774 814 766 110 686 926 438 758 950 374 694 598 222 382
48: 121 481 673 345 809 201 521 873 361 369 657 785 729 561 793 569
49: 576 800 312 352 384 448 344 472 8 872 600 304 944 784 984 920 56
50: 539 667 299 43 939 691 563 955 443 699 963 323 971 979 475 731 99 123 251 379 635
51: 258 906 522 274 794 546 802 954 586 210 338 466 82 346 354 994 362 754 378
52: 965 773 549 5 269 333 925 589 93 917 437 373 245 349 413
53: 260 908 780 12 20 28 940 180 828 836 852 340 212 604 484 356 100 756 636
54: 391 199 711 575 823 431 799 951 831
55: 646 6 654 526 534 798 158 926 550 814 182 822 446 702 198 974 470 350 614 254 894
56: 265 905 657 793 921 161 673 801 550 297 169 809 49 689 562 313 345 985 481 609 121
57: 512 136 656 416 936 680 168 808 424 304 440 952 824 704 80 720 472 352 744 752 496
58: 387 515 267 787 283 163 43 307 435 947 827 963 851 211 611 123 491 623 379 891
59: 386 770 674 802 122 290 938 250 330 722 658 946 90 826
60: 389 69 461 237 173 621 29 381 597 437 277 309 93 413
61: 388 4 268 148 788 284 924 292 420 164 180 948 68 972 588 332 220 612 228 372
62: 351 7 231 543 607 431 639 79 119 311 191
63: 526 542 678 295 813 558 302 942 686 566 182 950 958 198 838 462 206 86 982 734 630 894
64: 121 705 905 9 649 553 265 681 849 369 721 753 697 497 473
65: 832 864 352 608 192 408 440 904 616 648 714 464 400 784 432 848 248 120
66: 131 523 267 531 27 411 795 675 171 435 947 827 835 451 75 971 851 475 99 739 883 123
67: 986 770 26 546 610 490 426 970 746 506 402 882 122 826
68: 69 453 701 901 589 13 397 989 781 61 469 157 565 789 477
69: 260 780 548 420 180 948 316 572 60 700 68 836 76 220 356 996 876 492 620 628 372 508
70: 263 775 383 407 791 23 279 663 287 31 415 679 935 943 687 183 959 191 455 583 479 863 759 127
71: 326 742 38 678 902 582 358 814 398 654 494 438 214 790 22 150 318
72: 161 673 97 968 777 457 201 9 552 497 145 305 729 209 342 564 441
73: 608 960 480 96 128 312 800 424 968 632 240 848 304 856 888 984
74: 323 195 419 3 707 395 747 11 939 155 427 491 363 275 187
75: 2 394 786 666 282 922 290 162 306 946 954 834 66 706 842 346 738 226 746
76: 573 101 69 869 389 813 13 109 781 941 565 157 661 885 21 853 245 797
77: 900 12 524 268 148 532 548 292 428 308 692 956 444 204 332 340 468 740 364 884 372
78: 159 535 647 935 135 751 367 15 655 687 527 831 87 791 215 247 31 543
79: 390 638 910 398 142 406 414 670 286 158 422 678 806 814 942 566 62 846 862 102 742 358 502 254 246 374 382
80: 737 769 545 225 641 553 297 569 945 625 689 81 505 57
81: 640 800 512 288 40 968 520 680 936 976 16 592 80 952
82: 771 651 139 659 675 555 307 51 947 451 195 715 859 739 483 491 619 107 883 243 507 379
83: 994 450 642 802 354 258 706 810 842 18 786 562 722 946 410 794
84: 605 765 893 205 173 877 885 405 597 181 373 949 125
85: 636 396 908 404 788 156 804 36 292 932 420 428 692 308 700 956 444 588 460 332 596 980 612 876 108 124 252 244 504 122 764
86: 7 263 23 791 799 927 295 823 447 703 63 191 847 215 223 479 487 103 631 239 751 887 127
87: 774 270 22 278 38 934 294 46 174 302 446 190 958 454 462 78 342 982 214 998 750
88: 897 521 393 649 777 529 273 921 153 681 945 185 569 705 321 969 337 473 601 857 729 481 353 873 753 633
89: 768 256 528 400 144 544 160 32 696 448 456 720 976 224 232 872 112 368 632
90: 267 651 395 787 547 947 691 563 59 707 203 851 603 867 995 619 627 379 763
91: 418 866 26 482 738 322 226 930 650 434 978 466 122
92: 389 5 517 773 653 397 21 541 797 925 181 565 845 589 973 981 597 349 477 93 613 749
93: 356 804 132 892 524 940 60 236 92 188 980 52 276 380
94: 384 655 271 783 15 919 151 415 31 423 815 687 567 183 703 839 719 207 463 591 599 471 479 103 366 751 623 239 887
95: 350 414 966 742 326 38 998 110 750 598 214 158 126
96: 769 265 905 913 537 161 297 561 185 713 969 73 841 849 593 489 105 633 121
97: 256 736 768 344 680 504 200 232 136 72 752 208 824 464 856 944 368 952
98: 515 3 891 139 915 667 931 163 827 955 963 971 851 987 611 355 99 227 363 251 883 115 755 499 635
99: 898 2 258 130 386 282 810 50 954 66 322 458 842 466 978 218 98 234 362 498 762
100: 261 5 133 781 525 13 405 413 293 301 173 53 829 197 837 973 597 605 485 877 749 373 253
101: 668 964 516 868 612 196 260 36 76 364 620 148 180 340 860 540
102: 135 39 871 7 679 727 607 271 79 687 855 567 151 159
103: 262 774 6 686 942 822 950 566 182 446 462 334 86 94 862 486 998 358 110 118 374 126
104: 321 281 617 905 457 401 881 593 721 825 601 25
105: 904 272 920 24 160 800 296 680 944 568 960 200 336 472 120 96 736 872 488 632 504
106: 771 3 387 395 779 147 923 411 171 43 819 715 331 219 475 355 995 867 227 235 243 115 379
107: 954 674 962 738 802 762 610 426 810 442 882 562 594 146 82 826
108: 133 653 525 789 149 277 917 669 293 173 941 309 829 445 197 581 213 85 981 853 501 125 509
109: 996 548 644 964 132 41 76 556 12 204 908 180 116 348 252 29
110: 263 383 647 911 143 767 151 279 415 807 815 943 47 695 823 191 703 959 343 991 95 103 623 887 895
111: 582 902 934 646 262 670 462 974 206 878 590 270 654 118 630 182 734
112: 225 353 457 169 441 873 721 369 113 849 753 785 593 89
113: 192 896 776 840 8 360 200 296 456 688 912 944 16 112 368 432 304 792
114: 827 451 803 963 891 635 811 843 219 315 307 787 659 947 467 603 27
115: 386 898 2 18 274 282 170 938 562 306 178 954 314 834 450 458 466 978 594 730 346 98 122 106 250 378
116: 605 5 669 229 645 613 389 109 269 957 813 885 725 157 317 509
117: 548 764 860 332 684 148 884 316 276 252 444
118: 647 663 23 151 415 575 831 959 327 711 583 847 991 743 103 615 871 623 111 879 759
119: 518 486 742 582 998 774 510 678 590 622 462 670 950 598 158 190 62
120: 385 513 641 521 401 417 33 673 65 969 593 217 737 745 105 377 241 761 249
121: 640 776 400 928 416 48 568 312 56 704 448 64 960 456 464 592 472 600 992 480 96 481 488 616 880 632
122: 907 147 915 27 667 291 163 691 59 67 211 85 859 91 603 731 625 115 763
123: 266 914 538 674 418 546 426 682 42 938 434 50 58 834 66 722 762 882 370 242 634
124: 509 573 741 389 645 797 301 309 85 853 181 437 277 637
125: 868 228 612 956 108 140 812 156 84 308 284 348 244 692 532 693 444 895
126: 191 535 319 423 199 295 711 103 383 807 855 367 783 135 919 279 95
127: 414 478 70 582 574 198 750 302 494 926 502 30 86 598 182 830
128: 529 921 417 553 937 177 569 705 73 849 473 601 729 985 993 481 505 881 377
129: 512 896 392 656 400 408 280 800 160 168 680 176 432 440 184 192 840 464 728 504 616 752 624 248
130: 259 515 267 651 915 147 155 667 163 291 43 563 819 315 963 707 835 459 843 715 603 995 99 635 619 627 507
131: 770 650 778 274 530 914 282 666 42 554 818 946 954 834 66 450 202 978 850 482 354 506 250
132: 773 269 917 533 661 405 669 29 677 437 573 829 189 445 325 197 477 221 93 109 373 637
133: 836 932 996 196 36 100 588 204 556 268 108 876 780 524 20 692 972
134: 7 535 279 927 551 47 951 967 455 591 335 599 983 735 487 871 743 879 751 375 895
135: 518 774 902 646 654 918 422 550 942 446 326 966 78 470 350 102 486 246 758 126
136: 833 321 33 641 929 97 313 449 937 905 713 209 689 441 953 57
137: 960 416 928 552 776 808 40 200 264 688 336 824 592 984 536
138: 899 267 275 787 19 147 283 411 667 547 291 171 179 691 451 835 843 459 211 739 235 491 243 635
139: 266 914 674 34 426 178 562 818 186 442 578 722 594 978 82 866 738 98 874 754
140: 5 645 653 525 21 405 661 693 437 957 189 445 317 325 453 973 589 213 341 989 229 757 629 501 125
141: 932 964 292 484 196 828 716 300 588 852 276 212 284 884 572 540
142: 407 255 711 519 7 743 383 607 783 623 687 847 767 79 863 215 959 735
143: 294 710 358 670 46 110 662 726 158 222 734
144: 89 449 545 353 169 297 521 457 873 233 505 241 857 185
145: 248 32 320 408 72 392 568 904 632 504 528 240 824 304 376
146: 515 643 675 995 611 35 931 3 683 203 427 107 987 891 339 467 243 667
147: 954 986 546 898 130 122 330 810 522 106 138 938 10 434 370 602 666 762
148: 357 165 101 549 733 293 389 77 781 29 61 117 373 469 149 245 573
149: 644 892 12 780 788 148 916 276 668 540 428 308 828 588 340 996 740 108 620 876 252
150: 471 223 711 551 447 71 999 575 607 855 919 767 695 959 991
151: 742 230 774 166 102 702 14 782 366 110 94 246 278 598 118 886 510
152: 449 193 225 769 545 233 937 713 721 793
153: 448 992 0 192 312 248 840 968 904 504 488 848 880 432 240 472 88
154: 827 579 227 987 203 11 347 307 499 475 763
155: 130 386 642 18 170 938 682 826 714 74 210 722 594 730 858 482 354 874 370
156: 773 909 269 917 421 557 309 693 957 709 461 205 213 85 597 477 733 605 861 741 621 493 125
157: 900 12 652 540 172 44 436 68 196 76 332 852 724 756 884 372 628 116 380
158: 255 999 903 199 807 143 303 79 47 119 55 863 247 215 95 375
159: 270 910 654 542 926 414 286 38 678 182 822 78 982 990 742 102 998 614 750
160: 129 657 537 25 33 41 561 697 705 457 337 977 89 889 353 993 105 377 617 369 881 249
161: 776 528 272 280 792 416 168 936 816 56 448 704 456 72 712 736 96 232 488
162: 827 611 547 387 11 875 75 275 755 179 499 243 691 883 475 347
163: 834 98 322 130 122 2 514 298 362 58
164: 517 5 645 389 13 781 533 285 165 805 421 829 957 61 197 205 861 989 221 877 381 245 253 509
165: 228 164 548 956 972 524 908 396 364 428 556 148 212 20 596 660 604
166: 535 567 359 647 551 167 935 663 399 367 463 431 671 951 759 151 351
167: 806 166 14 462 846 654 174 822 406 534 566 726 694 790 30
168: 129 257 897 1 265 649 785 793 921 161 417 41 185 57 201 969 329 721 473 985 761 505
169: 224 192 312 0 704 904 424 552 296 40 536 144 112 752 272 496 184 56
170: 419 547 611 987 955 875 811 187 299 203 235 491 315 883 115 243 155
171: 770 898 266 522 138 18 282 410 26 922 800 802 578 322 66 714 586 866 611 362 106 634
172: 389 261 765 13 157 677 37 685 813 301 437 309 573 445 965 461 989 877 373 253
173: 900 388 780 20 660 412 796 804 548 940 820 956 60 324 452 84 596 740 100 748 108 508 764
174: 191 319 391 903 415 167 759 527 815 671 919 399 623 719 863 87 927 255
175: 774 262 910 270 278 926 430 310 190 318 574 454 838 846 718 598 854 214 478 862 358 630
176: 225 33 577 129 929 201 873 265 9 297 41 977 177 817
177: 128 384 264 272 656 288 424 40 304 688 816 176 560 440 184 192 448 208 336 984 360 496 880
178: 827 483 547 675 555 843 587 139 939 875 459 627 403 787 115 411
179: 954 674 2 162 34 770 138 314 562 882 690 634 730 922
180: 269 285 309 53 693 189 61 957 709 69 461 205 221 101 869 237 365 749 109 373 885 629
181: 732 356 764 452 708 388 236 460 972 92 124 276 468 84 28
182: 903 263 767 407 287 159 567 823 55 951 695 63 575 967 847 983 727 607 359 103 111 751 127 255
183: 966 70 582 686 494 46 526 782 750 254 950 342 534 94 510
184: 577 961 129 513 217 169 841 241 849 529 977 633 793 177 889
185: 192 640 96 472 232 840 872 168 568 536 496 144 784 432 984 280 88
186: 859 291 451 955 387 195 907 139 43 315 787 723 819 883 891
187: 386 898 514 266 170 74 714 234 442 306 946 210 562 666 602 794 922
188: 549 581 701 461 525 557 925 877 93 469 629 341 317 349 477
189: 708 740 828 132 140 748 780 428 460 532 308 788 180 596 476 444
190: 647 391 15 911 663 895 407 535 927 423 175 303 567 951 703 583 199 87 247 351 615 759 623 119 639
191: 398 662 926 422 430 174 318 62 966 70 974 206 590 846 854 86 734 998 230 110 254 126 638
192: 129 1 405 153 673 169 945 177 561 313 185 961 577 65 977 601 857 865 609 873 745 753 113 761
193: 864 672 440 360 568 592 720 976 752 952 152
194: 931 963 3 259 299 251 723 755 659 603 315
195: 546 762 738 186 74 586 938 346 378 474 210 786 82 914 594 314
196: 133 5 653 141 277 917 157 285 421 677 293 301 437 965 197 853 221 349 869 101 637
197: 100 196 292 132 164 892 716 108 12 876 748 788 628 244 220
198: 503 351 807 415 903 791 607 879 207 527 639 767 847 55 127 63 735
199: 454 550 326 510 638 526 622 958 854 30 342 54 126 158 190 502 414 310
200: 641 137 401 273 417 553 817 961 329 857 985 993 97 225 745 617 105 113 369 881
201: 264 520 280 288 168 552 40 176 48 816 448 840 72 968 976 608 744 504 872 880 888 248
202: 643 899 131 451 747 939 363 235 875 427 275 947 691 819 435 603 859
203: 146 530 154 538 666 794 34 674 170 306 954 322 970 722 594 90 234 370 634
204: 573 605 357 133 261 733 861 77 269 109 245 213 437 789 253 373 477
205: 4 780 156 420 164 428 564 308 180 692 948 700 580 964 324 972 980 84 468 220 476 988 740 996 236 748
206: 439 223 39 871 759 511 527 111 399 735 559 23 655 919 695 991 63 191
207: 902 262 198 870 294 494 46 830 766 462 374 502 662 886 94
208: 97 929 481 865 609 737 385 281 873 617 473 721 753 273 177 761 793 633
209: 736 224 960 928 672 993 136 392 232 456 968 664 72 624 272 920 696 345
210: 859 195 27 635 491 155 187 267 347 51 243 411 275 507 795 667 731
211: 450 802 58 610 122 10 298 138 474 690 722 562 594 242 794 826 890
212: 141 21 677 165 37 549 301 565 821 53 701 965 717 589 333 853 469 477 221 613 877 373
213: 356 140 204 108 492 508 652 884 916 308 156
214: 287 799 415 175 447 575 967 71 975 87 599 343 479 95 615 487 623 879 511
215: 262 142 398 406 158 814 46 438 694 574 958 78 342 86 614 358 630 502 886
216: 609 417 705 801 865 577 321 361 569 689 561 625 241 761
217: 224 352 608 576 840 328 904 264 656 464 784 952 24 120 184
218: 256 515 907 523 779 787 411 667 547 811 683 427 819 563 571 699 963 838 987 99
219: 2 642 778 10 274 290 938 306 826 978 986 730 738 995 106 234 114 244 634 506 890
220: 573 197 69 421 517 829 749 685 909 205 61 565 277 253 861
221: 644 260 132 900 524 28 668 164 420 180 316 572 196 580 588 212 732 348 508 636
222: 527 271 143 663 935 807 551 295 559 47 823 463 847 719 975 223 991 735 231 239 879 751 375
223: 646 150 542 670 678 686 446 574 454 710 206 590 342 86 222 350 998 366 622 750
224: 385 649 529 281 409 537 289 417 169 689 817 945 697 833 977 593 209 217 89 481
225: 0 256 344 840 200 264 240 112 176 80 152 701
226: 579 451 323 291 419 91 811 555 75 907 395 371 819 19 955
227: 642 98 330 106 234 18 530 370 538 978 434 154
228: 613 325 165 5 453 997 701 717 653 621 397 61 629 125 477
229: 516 396 140 652 788 28 412 36 948 580 452 332 724 980 740 236 364 756 116
230: 391 527 535 279 151 31 559 943 431 831 191 583 975 479 991 871 999 239 879 495 255
231: 350 518 6 574 510 638 702 430 238 558 918 694 62 630 534 222
232: 769 257 17 929 161 545 553 185 961 833 705 209 89 353 97 481 377 497 625 761
233: 736 640 312 0 672 608 840 360 8 600 648 904 696 488 144 656 376 152
234: 355 547 99 867 995 227 875 779 491 219 187 203 315 379 307 979 243 667
235: 514 138 522 530 418 546 426 170 298 434 314 442 698 570 202 842 850 618 106 746 498
236: 509 485 773 613 229 365 13 301 621 205 525 93 181 565 405 885 477
237: 260 20 416 676 548 684 180 308 564 948 60 580 716 852 471 740 612 244 756 628
238: 263 519 391 511 783 399 535 919 895 807 423 943 567 311 447 327 591 863 991 487 231 879 239 495 255
239: 646 654 14 918 30 550 294 822 326 582 86 726 94 222 486 230 998 238 374
240: 769 513 905 145 665 153 33 289 297 433 569 441 73 329 721 337 857 889 225 993 353 489 761
241: 640 384 16 144 920 928 560 184 320 720 336 728 472 216 120 488 360 616 744 496 376
242: 291 323 611 771 747 779 907 123 11 691 819 915 211 539 603 507 667 731
243: 10 266 394 138 650 146 914 410 538 162 682 170 306 946 698 714 842 586 82 210 730 858 106 618 874 234 634
244: 5 781 269 925 805 421 557 569 837 197 717 85 219 605 861 357 741 613 237 365 501 125
245: 732 164 932 964 420 892 804 876 204 588 812 780 76 52 468 756 148 540
246: 471 567 903 415 391 135 295 727 375 751 687 919 79 719 527 151 31 255
247: 550 966 390 710 742 702 974 798 766 622 78 862 254 158 190 926
248: 737 65 769 129 153 457 361 201 521 433 145 625 689 657 369 857
249: 512 160 472 488 328 648 696 304 120
250: 899 131 643 11 779 907 283 411 539 795 931 427 555 811 947 435 307 59 715 339 979 347 611 867 619 115 371 251
251: 386 770 778 522 786 658 18 26 538 418 50 434 194 338 594 858 994 98 490 874 250 378 506 762
252: 573 389 5 357 965 109 525 45 381 85 117 149 285 829
253: 636 644 388 396 20 788 924 164 548 684 172 948 564 452 204 340 220 604 484 100 996 380
254: 783 271 543 799 935 687 695 823 55 183 191 831 455 79 463 599 983 351 879 247 255
255: 262 142 278 22 414 158 926 294 550 174 46 694 182 574 582 838 966 598 734 870 998 742 614 230 238 878 246 254
256: 89 641 97 481 225 841 977 465 657 817 593 569 218
257: 480 832 544 968 168 840 232 936 504 552 752 760 400 344
258: 323 99 683 843 267 715 875 347 83 51 723 691 659 315
259: 608 962 130 546 194 482 362 874 618 650 498 594 466 626 658 722 692 602
260: 637 781 893 909 269 285 677 813 685 53 309 317 69 837 845 597 341 221 989 861 741 101 749 237 509
261: 772 516 644 396 12 404 796 924 932 812 428 172 444 964 332 204 732 604 476 100 876 636
262: 7 527 783 23 663 543 295 551 175 831 959 719 207 335 983 343 215 103 615 111 255
263: 902 910 654 542 30 286 942 430 182 830 70 326 86 862 614 366 110 238 502
264: 961 225 1 281 937 713 457 41 201 585 777 137 177 825 217
265: 656 784 912 280 416 800 552 168 432 176 688 312 56 64 344 864 96 488 360 504
266: 827 291 771 995 899 27 171 123 187 971 43 139 379 243 307 915 283
267: 258 130 138 18 922 554 682 810 298 58 570 322 66 842 466 210 90 354 490 882
268: 741 133 709 645 829 589 493 749 845 77 29 821 373 469 21 61
269: 868 132 260 836 524 300 492 204 156 884 916 52 180 244 380 116 796
270: 775 911 791 895 159 423 551 431 303 175 567 959 447 463 87 351 607 999 367 111 375 383
271: 902 390 22 278 414 686 942 950 326 710 334 462 342 862 94 222 102 622 254
272: 913 921 801 673 161 937 41 169 177 441 321 465 209 337 985 737 865 105 617
273: 576 344 360 520 328 200 728 16 336 464 208 760 496 784 824 664 400 88
274: 131 899 651 27 547 51 315 331 459 467 859 219 347 611 739 483 115 507 763
275: 2 162 202 874 138 74 474 434 946 818 722 210 338 698
276: 141 909 149 421 301 45 181 821 829 581 968 597 853 93 357 997 365 629 117 893
277: 636 772 668 796 924 412 932 36 60 316 196 980 988 220 484 612 108 492 124 884 764
278: 255 519 783 271 151 543 671 295 431 175 943 311 575 839 719 87 855 479 743 999 751 759 767
279: 350 478 294 230 574 134 70 734 110 14 846 862 950 854 886 310 126
280: 1 129 905 265 913 785 25 161 289 809 305 689 817 433 185 577 201 857 985 737 865 353 361
281: 384 896 520 264 912 536 664 416 800 560 564 952 960 720 208 856 608 224 104 616 376
282: 99 963 131 547 75 779 491 171 907 315 627 915 115 347
283: 642 266 138 778 906 394 786 538 922 418 290 426 818 58 962 834 330 610 498 370 250
284: 933 773 861 525 781 141 365 925 557 61 597 125 341 789 821 317 29
285: 260 764 924 412 540 164 44 684 564 180 956 196 844 980 476 612 868 628 500 252 892
286: 159 583 295 263 511 607 943 975 655 79 639 367 815 863 791 15 671 479
287: 518 6 582 542 486 70 942 878 558 654 494 590 958 214 950 182 758 606
288: 833 417 897 353 809 201 873 617 537 433 625 177 81 665
289: 896 512 648 8 776 280 24 32 800 704 448 832 840 848 720 224 352 744 488 240 376
290: 899 787 403 19 283 939 683 947 563 59 75 587 971 715 219 347 475 867 883 635
291: 2 130 226 122 746 138 266 810 442 18 242 850 562 634 570 506 186 858
292: 5 525 141 909 397 789 413 669 421 37 293 685 941 693 309 61 701 317 453 197 77 85 981 877 373
293: 100 292 196 999 364 940 108 685 308 660 148 316 596 412 476 540
294: 351 999 839 455 7 695 855 847 143 335 207 239 895 87 279 959 255
295: 262 278 286 934 302 702 318 830 63 963 582 974 470 86 854 606 990 222 486 622 374 246 126 766
296: 641 449 321 873 777 105 905 169 937 489 113 689 697 825
297: 0 144 792 936 560 176 824 56 704 80 336 848 856 992 352 96 488 240 376
298: 267 995 163 955 363 43 459 427 555 779 939 395 235 211 307 947 763
299: 962 418 194 170 10 314 938 306 530 50 594 602 882 858 890
300: 421 669 269 301 141 685 493 381 981 501 565 789 853 957
301: 396 12 276 36 300 684 172 564 308 828 700 964 196 212 724 604 732 348 356 484 100 487 996 620 236 124 764
302: 7 655 919 295 423 39 319 63 967 719 471 855 87 375 495 879 759 127 511
303: 582 742 422 654 910 398 622 270 462 662 566 158 190 382
304: 385 673 249 905 377 73 457 537 177 49 561 593 529 761 17 145 57 113
305: 8 656 280 800 672 416 808 552 688 696 440 832 320 72 856 360 504 624 376
306: 795 827 899 923 771 803 995 27 299 75 203 219 243 115 723 187 699
307: 778 266 906 786 154 922 298 42 426 434 58 570 698 970 850 82 858 234 250 114 762
308: 5 525 149 789 797 293 813 429 301 941 189 573 957 453 973 333 77 205 717 213 597 85 357 621 237 749 365 125
309: 292 900 764 420 260 356 492 172 60 108 124 156 916 180 476 572
310: 391 783 279 423 175 559 575 455 583 199 847 719 351 735 863 871 879 751 887 375
311: 422 542 678 966 998 934 462 238 366 590 862 630 598 278 62
312: 641 121 481 153 489 521 233 441 585 73 265 169 49 401 529 689 17 473
313: 192 896 832 8 392 40 488 136 400 432 784 592 912 984 888 24 56
314: 643 915 403 795 667 555 427 299 179 955 315 195 963 987 731 611 235 363 371 115
315: 258 130 786 274 914 282 922 802 34 810 170 314 442 186 826 194 322 970 842 866 234 114 634
316: 21 277 661 293 805 429 437 581 69 453 477 221 349 733 741 869 117 885 381
317: 260 900 652 140 532 788 284 292 41 44 562 692 956 188 708 588 852 993 366 116 756 380
318: 191 423 487 295 711 839 679 455 71 783 399 175 727 615 31 863
319: 902 510 918 790 422 806 174 302 566 446 582 334 718 486 742 998 494 750 126 766
320: 449 481 513 345 457 649 465 305 241 145 593 25
321: 136 776 392 272 656 808 296 816 952 336 88 216 736 608 864 360 104 616 744 376
322: 899 515 267 787 915 539 163 931 171 315 699 203 331 843 595 467 603 91 483 99 867 747 875 371 635
323: 258 994 770 226 426 810 74 650 778 746 242 50 730
324: 389 525 669 29 925 933 813 173 557 949 565 829 205 717 461 469 357 749 877
325: 708 644 228 548 132 388 612 556 588 140 652 396 596 340 956
326: 903 519 135 647 263 271 39 551 679 695 951 959 967 71 199 719 983 479 95 239 367 751 887
327: 446 806 422 718 238 118 694 854 862
328: 705 609 449 217 633 785 273 249
329: 512 640 384 648 520 784 656 664 536 168 688 944 696 576 832 200 712 968 872 240 496 632
330: 227 891 611 59 523 459 283 147 691 403 475 819 539 499 947 411
331: 2 322 938 970 106 458 746 394 274 850 602 762 826
332: 229 261 901 453 765 829 365 749 941 77 29 117 157 373 85 61
333: 668 612 484 708 868 356 900 876 396 460 372 660 692 52 308 212 340 412
334: 319 647 679 695 103 399 671 271 23 663 343 543
335: 870 134 294 262 462 766 990 886 566 694 854 862
336: 385 137 273 657 665 297 177 945 441 825 569 961 321 337 849 593 481 105 617 753 241
337: 512 160 376 440 904 8 632 696 336 240 944 856 688 920 272 88
338: 907 275 787 683 555 435 691 51 443 835 963 707 579 979 347 875 627 883 755 251
339: 418 642 34 426 378 146 818 786 250 826
340: 389 517 149 533 541 677 821 53 325 77 973 333 597 477 997 101 749 373 253
341: 644 772 900 260 140 284 812 556 428 940 564 188 708 588 980 724 740 492 500 628 884 380 508
342: 15 271 911 535 23 668 807 679 951 183 447 575 455 583 199 72 975 87 215 223 871 623 759
343: 998 262 806 838 614 606 462 334 798 398 110 534 470 214 854 830
344: 257 641 265 273 921 25 417 681 689 49 705 721 857 889 97 225 881 497 633
345: 768 400 528 656 536 792 416 40 432 48 688 696 56 320 448 584 968 209 725 984 992
346: 643 523 907 651 403 931 555 683 51 195 587 75 979 467 851 859 603 731 355 747 363 115 891
347: 514 258 522 10 402 274 154 282 162 290 978 594 210 338 730 986 858 610 874 250
348: 509 485 109 13 685 301 973 29 125 917 221 349 797 445
349: 900 772 524 780 668 676 52 692 820 188 316 828 196 964 716 852 988 92 348 740 868 876 508 372 380 892
350: 503 583 743 231 679 135 879 887 431 687 55 791 279 95 223
351: 774 270 782 894 790 30 798 166 294 678 814 438 310 574 190 62 710 198 606 862 478 750 630 254 766
352: 641 521 17 657 289 553 297 937 49 697 57 833 65 713 465 849 217 473 857 361
353: 640 144 24 280 672 160 288 40 680 552 424 816 960 592 976 88 736 480 360 504 232 616 744 112 240 760 752 501 376
354: 891 131 987 587 267 155 83 51 691 19 531 915 819 435 923 571 763
355: 98 898 34 426 106 234 842 346 442 978 690 722 602 570 890
356: 397 413 301 181 53 693 309 453 69 709 333 213 861 93 613 869 485 741 493 749 885
357: 388 324 708 804 516 204 940 908 492 148 244 276 756 252 308 380
358: 935 903 71 103 175 719 639 735 143 559 79 951 215 959
359: 166 430 798 374 182 726 822 862
360: 265 657 273 921 25 425 561 177 305 825 321 193 721 849 977 353 993 865 873 361 233 625 241 113
361: 648 784 536 792 280 800 424 808 432 48 832 840 968 216 608 352 376 616 360 488 368 248
362: 259 11 659 531 403 787 803 547 163 171 683 691 51 955 571 971 739 99 883 635
363: 986 514 98 898 34 418 202 938 394 314 346 298 74 18 506 666 602
364: 765 397 533 669 293 165 933 45 949 573 445 77 717 725 477 733 101 229 381 509
365: 900 11 524 652 660 404 276 28 412 284 540 676 556 684 692 820 180 308 956 964 708 332 980 988 740 236 244
366: 263 999 383 711 551 823 943 639 703 527 863 311 151 317 94 223
367: 446 646 542 166 326 78 526 750 270 958 990 598 822 790 126 414 286
368: 89 97 521 489 713 969 361 377 569 817 689 625 113 881 921 953
369: 160 64 480 32 248 40 552 200 456 8 872 696 520 112 48 472
370: 3 907 147 155 283 35 419 43 819 443 699 451 203 851 227 739 627 499 507 123
371: 2 778 914 402 33 546 674 930 679 690 954 314 826 322 450 602 994 226 738 250 754 634
372: 389 517 405 669 157 413 429 813 437 61 445 453 69 837 333 77 853 349 741 381
373: 900 132 268 780 148 660 916 292 932 428 812 172 684 940 180 52 820 708 580 460 332 204 340 84 852 596 212 484 100 620 884
374: 775 791 679 295 47 567 695 447 839 967 455 207 79 463 863 735 359 743 103 239 495 751 759
375: 134 646 270 22 414 798 926 158 302 430 694 566 310 574 222 862 742 494 246
376: 145 537 409 281 289 801 297 41 305 825 321 977 337 985 353 233 361 241 625 753 497
377: 128 896 8 648 656 664 544 416 160 304 696 576 472 600 120 992 744 232 368 632
378: 579 195 643 707 635 339 747 523 51 915 19 435 115 755 787 467 251 691
379: 898 866 58 90 546 42 266 234 842 618 106 506 50 82 698 890
380: 765 525 13 269 917 533 157 805 933 45 941 573 829 317 341 93 349 989 357 749 381 629 253 893
381: 900 796 924 164 300 828 60 316 964 972 588 492 364 748 508 628 372 380 252
382: 943 303 495 47 591 23 655 911 599 79 927
383: 518 774 14 142 270 806 942 814 438 830 582 70 470 854 734 998 742 366 110 886 126
384: 777 393 657 281 793 25 929 33 937 49 561 177 441 697 961 329 969 465 593 94 481 617 624 241
385: 960 224 872 8 40 600 488 648 696 304 336 528 208 472 120
386: 3 787 155 419 675 683 563 59 187 443 715 467 859 995 739 99 875 115 251 763
387: 906 650 26 162 434 58 186 698 826 970 842 610 866 618 746 106 882 754 634
388: 325 357 389 677 861 749 973 173 181 917 253 61
389: 516 644 388 892 780 148 924 164 172 428 956 60 964 324 76 340 732 92 124 252 372 116 636
390: 871 711 7 727 631 455 271 495 79 719 639 247 447
391: 902 6 638 918 926 550 38 806 174 822 950 54 310 438 190 454 966 710 462 990 998 230 750 238 246 502 510
392: 32 993 129 33 321 313 937 9 681 623 145 529 209 721 17 689 825
393: 992 32 608 448 576 384 960 864 872 808 632 432 688 88
394: 859 675 515 419 995 363 683 75 555 331 283 243 595 731 667 763
395: 674 450 34 226 90 997 554 74 106 298 813 402 914 730 858
396: 477 261 229 901 165 773 645 325 781 301 557 13 333 85 981 597 253 605
397: 524 660 20 796 668 36 420 292 812 948 956 964 68 972 988 92 356 228 364 508 884 636
398: 519 655 527 15 551 943 687 303 823 575 191 71 847 79 215 343 999 871 751 511
399: 454 166 806 6 998 838 334 206 622 174 238 726 758 630 534 318
400: 897 1 129 257 785 401 273 537 665 817 313 65 577 593 89 473 345 985 609 489 873 617 753 121
401: 800 0 312 408 104 200 784 816 824 496 888 400 848 984 760 752 120
402: 675 451 67 515 547 955 971 811 395 651 347 691 371 571
403: 290 642 834 34 650 330 42 490 346 362 778 626 178 754 314
404: 541 773 261 965 365 557 781 813 461 917 85 861
405: 772 132 140 12 660 20 796 676 36 948 956 828 192 964 84 860 100 876 620 236 756 372 500 892
406: 39 167 679 543 79 559 655 735 215 639
407: 966 70 486 38 606 142 798 766 430 14 182 470 190
408: 545 673 865 129 65 873 841 521 401 145 881 977 849 625 729
409: 896 656 16 24 808 552 560 824 960 592 464 848 720 984 224 480 608 376 744 496 888 632
410: 611 923 955 963 835 427 171 787 947 243 531 595 19 83 635
411: 770 138 914 922 930 682 178 434 66 330 850 210 218 866 106 882 754 634 250 890
412: 509 901 645 13 21 661 277 285 413 541 805 549 293 421 173 941 693 837 333 853 861 989 485 229 741 869 365 877 501 765
413: 868 516 100 292 932 968 356 60 372 788 948 820 916 52 412 604
414: 255 615 199 7 935 31 367 79 271 919 375 927 127 95 159
415: 518 902 526 542 798 174 950 566 70 198 710 454 854 214 606 94 878 110 118 246 630 894
416: 481 673 121 417 609 281 161 968 265 377 137 237 305 697 793 345 921 57
417: 128 896 0 776 784 656 288 416 168 568 448 576 200 344 216 224 608 864 872 120
418: 419 91 235 11 299 123 251 283 363 339 595 659 787 507 539 627 531 891
419: 386 394 658 18 786 922 794 418 170 818 570 698 74 722 730 226 370 882 634
420: 901 397 13 45 685 941 309 61 709 69 845 589 205 461 85 221 621 245 765
421: 20 532 276 660 668 156 540 412 292 164 300 820 948 692 444 196 964 972 852 980 220 476 492 244
422: 319 599 135 327 615 519 839 743 775 855 623 751 79 823 303 311 191
423: 774 270 670 302 942 822 310 950 190 318 454 462 94 742 238 750 758 126 894
424: 1 649 25 545 929 169 937 177 945 953 57 713 73 841 473 353 617 361 633
425: 32 544 608 550 552 904 744 360 528 976 464 880 536 639
426: 795 355 323 67 611 107 907 715 123 619 139 235 339 435 499 307 283
427: 450 218 970 298 74 554 314 410 202 434 146 626 250
428: 261 389 13 653 661 149 669 805 165 37 437 189 205 77 469 85 341 733 613 373 501 637
429: 708 492 876 620 372 308 316 28 540 604
430: 903 263 527 911 535 407 935 559 175 943 831 191 967 711 847 983 231 359 487 375
431: 350 870 678 166 230 542 270 862 894 62 958 886 502 278 758 662 54 830
432: 1 129 521 265 393 649 153 921 25 809 561 313 185 961 65 833 457 345 481 361 497 113 633
433: 768 520 656 792 280 288 32 800 552 40 560 952 704 832 968 720 856 248 608 872 624 240 888 504
434: 3 387 899 523 275 915 147 411 931 427 307 443 963 851 987 91 859 227 635 235 251 123
435: 514 786 802 426 562 818 570 58 66 202 978 338 986 474 730 354 874 378 250
436: 605 869 765 13 493 813 885 437 597 157 789 469 797 445
437: 4 132 140 428 172 940 436 52 316 60 196 972 204 980 852 596 876 372 124
438: 215 535 351 775 871 71 551 383 935 391 47 495 895 951 991 927
439: 742 518 998 774 542 670 734 206 14 782 718 814 974 590 686 662 990
440: 929 129 481 65 193 617 553 9 849 177 305 337 817 729 25 57
441: 640 384 768 520 648 136 8 272 312 448 832 72 336 720 592 728 736 488 880 112 240 504
442: 35 707 643 803 355 291 491 715 235 139 107 187 971 315 979 755 475 603
443: 386 898 706 938 522 842 786 882 570 370 50 434 338 666
444: 933 421 837 733 517 261 717 525 77 653 781 941 117 757 189 693 85 125
445: 636 932 772 132 836 716 972 108 748 140 364 556 172 372 436 348 572
446: 135 23 47 815 823 55 319 447 327 719 463 855 87 863 223 743 103 367 631 511
447: 646 390 270 910 150 550 38 934 46 814 446 702 710 974 598 214 342 86 606 614 238 374
448: 393 785 913 793 153 417 161 33 801 289 809 41 817 177 49 441 201 89 345 121
449: 768 904 776 136 520 144 24 152 296 816 320 576 328 456 728 600 608 480 624
450: 131 515 643 395 779 907 27 923 667 427 819 955 963 971 83 211 995 611 115 371 891 763
451: 770 138 402 530 922 42 186 570 578 66 458 202 82 474 610 226 114 370 498 506
452: 869 549 701 229 453 589 173 717 653 989 909 181 533 253 637
453: 900 140 532 924 668 292 676 308 572 316 452 68 460 332 852 356 228 484 492 876 372 628
454: 223 199 423 903 391 695 967 415 543 975 399 175 799 87 567 863 479
455: 318 294 806 70 574 838 614 390 134 766 782 254 310 342 374 982 638
456: 641 1 777 529 25 161 545 929 561 569 449 457 849 209 89 601 609 121 617 369 113 761
457: 264 520 8 144 664 24 928 160 680 936 40 944 688 816 432 304 824 320 72 456 592 976 464 736 104 112 248
458: 643 771 915 19 35 683 955 571 827 451 835 707 331 715 987 731 995 99 867 875 115 763
459: 986 130 762 770 298 330 778 138 10 938 946 274 178 594 18 794
460: 773 13 925 29 37 557 181 189 453 709 333 597 85 853 989 493 885 629 373
461: 892 12 660 404 156 420 172 44 180 820 60 188 828 324 716 724 860 868 484 508 636
462: 391 519 15 271 535 671 927 39 423 167 687 559 303 311 831 63 583 967 335 591 207 983 343 87 479 103 487 111 119
463: 446 166 678 734 494 270 814 718 910 254 822 502 662 374 222 94
464: 97 129 65 673 217 641 33 425 553 409 457 537 849 273 465 881 761 121
465: 352 832 384 672 320 640 992 256 712 840 968 464 880 272 568
466: 899 259 3 267 651 779 931 51 571 835 595 851 91 611 99 499 115 507 635
467: 514 386 146 274 914 26 546 562 826 962 322 978 594 346 986 482 866 874 618 114 882 634 378
468: 549 997 773 901 941 205 77 973 885 181 917 469 21 245
469: 268 524 916 148 932 428 436 564 828 188 324 68 708 836 852 212 468 988 612 764
470: 407 471 599 135 647 631 295 679 847 887 655 943 815 55 727 927 343 383
471: 486 838 809 670 237 910 302 926 150 534 246 790 502 470 94
472: 385 9 153 929 41 49 185 569 57 865 609 249 617 377 873 105 241 369 497 121
473: 800 64 512 128 352 504 168 744 8 424 400 208 560 888 984 312 88
474: 899 3 907 275 19 931 939 819 435 451 195 211 475 731 739 483 619 875 755
475: 786 18 154 290 34 162 682 50 690 442 698 962 66 330 850 474 730 602 106 498 506
476: 517 293 421 261 765 205 557 685 989 957 845 189 309 949 789 285 701
477: 4 132 396 660 156 684 44 556 564 316 188 68 204 340 212 92 868 228 236 364 884
478: 351 871 967 695 479 679 935 279 663 175 519 559 951 127 735
479: 518 278 790 286 542 686 950 566 830 958 454 70 326 714 462 214 86 478 606 734 94 481 230 750 886 766
480: 257 609 449 897 353 73 409 817 369 721 17 825 121
481: 0 768 256 128 384 416 40 688 48 432 312 56 440 952 832 320 704 336 208 88 479 224 232 121
482: 795 131 923 955 259 91 491 939 875 43 155 683 715 819 915 595 467 859
483: 954 514 322 866 674 738 970 810 474 882 978 178 82 274 730 26
484: 781 141 661 277 549 301 53 573 829 965 453 461 333 725 861 877 373 757 253
485: 732 868 964 356 796 804 828 956 100 236 492 844 564 756 532 348 692 412
486: 7 135 647 775 903 655 911 407 287 295 567 319 839 847 471 855 103 879 239 119
487: 34 134 38 301 238 46 494 462 14 910 430 590 86 694 214 918 630 318
488: 385 905 521 265 153 161 289 545 681 937 297 313 441 969 977 729 985 737 249 105 361 233 241 625 121
489: 544 928 312 96 680 808 872 648 600 568 296 240 400 368 528 920 952 696
490: 67 899 547 803 971 267 843 43 723 403 627 251
491: 10 138 282 802 682 170 954 58 442 706 74 842 82 210 602 858 482 994 234 634
492: 637 269 533 277 421 805 37 677 429 45 309 693 573 453 69 845 341 213 981 485 357 381 885 893
493: 524 268 652 20 668 28 156 548 684 300 436 820 700 572 964 580 460 356 620 636
494: 287 319 567 871 487 743 71 823 527 463 207 703 767 799 863 183 127 375
495: 382 390 22 542 670 926 678 302 46 694 438 582 990 614 230 622 238 502 374 638
496: 641 769 905 409 329 169 505 177 977 401 721 273 241 881 185 25 57
497: 512 8 776 664 24 32 552 40 944 432 64 72 968 584 592 720 344 472 856 992 376 232 616 752 888
498: 859 35 259 739 451 899 99 235 587 715 819 475 571 283 763
499: 162 610 98 930 154 330 522 778 426 466 882 370 794
500: 677 669 765 653 749 717 624 981 341 629 565 405 285 790 541
501: 668 353 644 860 428 140 780 716 748 508 108 556 300 756 244 588 412 956
502: 471 503 263 807 391 199 967 823 431 527 79 495 687 463 207 215 991 127
503: 350 678 198 966 718 526 14 566 534 502 918 926
504: 129 257 9 265 145 153 801 433 305 817 441 969 201 585 85 473 353 97 745 105 623 889
505: 512 128 864 168 568 664 496 80 624 752 976 144 688 952 824 24
506: 67 995 899 579 643 451 131 291 907 363 219 251 19 691 379 475 819 27
507: 418 130 866 802 778 682 274 466 210 82 370 242 530 570 762 922
508: 837 645 69 861 461 397 173 973 749 381 29 845 501 341 213 221 349
509: 164 740 260 524 236 108 364 124 116 756 628 348 412 732
510: 319 391 519 231 727 199 791 855 591 783 951 119 831 151 183 31 863
511: 446 38 614 934 582 806 878 238 590 302 830 718 398 206 598 214 286
512: 513 129 657 801 33 289 697 57 577 329 713 337 593 81 473 617 505 497 633 249
513: 512 768 520 16 784 24 560 688 184 576 320 840 712 992 736 864 744 240 120
514: 643 659 795 667 675 163 939 435 827 187 579 467 851 347 483 363 619 235 883 891
515: 930 98 322 450 130 58 586 650 394 658 146 946 402 218 826
516: 261 101 229 645 389 581 773 741 797 717 45 781 973 725 901 853 357 413
517: 164 836 956 92 220 980 372 340 444 476 572 604
518: 135 647 519 911 415 31 287 679 439 575 583 711 119 607 479 999 231 615 887 383
519: 478 326 422 806 614 518 606 966 734 142 398 238 462 814 46 278 950 510
520: 513 769 273 281 937 945 561 433 569 441 961 449 713 457 201 329 81 617 369
521: 8 904 648 144 16 664 920 408 800 928 40 432 48 312 824 696 568 832 840 88 120 992 352 488 368 248
522: 611 27 235 171 555 811 251 147 851 499 51 443 539 347
523: 898 642 658 530 786 666 930 554 810 682 434 578 66 330 842 346 218 610 378 762
524: 509 165 965 133 733 973 269 493 77 365 397 525 93 693 469 221 349
525: 780 140 524 284 292 676 44 308 444 188 324 716 844 724 604 100 108 620 236 252 380 636
526: 503 199 807 663 999 727 39 695 607 367 879 847 719 415 55 183 63
527: 262 902 398 918 662 30 934 806 678 174 430 198 206 78 854 222 230 494 366 502 246 638
528: 705 929 545 161 641 385 345 425 489 553 145 633 913 89
529: 896 128 392 664 32 552 680 40 816 304 312 184 968 456 720 728 88 224 880
530: 611 227 131 451 619 299 235 523 203 851 19 507
531: 674 354 962 66 418 42 362 410 818 850 946 626 666 538 794
532: 573 605 421 933 453 485 797 909 973 77 533 125 189 317 29
533: 932 132 164 452 364 492 940 908 916 948 532 884 340 380 988
534: 503 567 167 807 663 231 399 751 55 471 183 343 639
535: 134 646 654 782 918 22 542 678 166 430 438 190 462 78 342 598 998 230 238 886 126 766
536: 137 657 17 281 537 929 553 425 937 169 817 185 833 713 841 585 329 345 873 361 753
537: 776 656 400 536 800 160 288 928 32 688 304 696 576 464 984 224 96 880 624 376
538: 611 227 955 643 203 747 251 283 531 243 659 123 763
539: 898 322 962 418 938 330 10 250 618 522 722 754 50 242 922
540: 141 149 285 157 293 421 557 429 829 709 589 597 981 861 605 101 365 245 629
541: 700 964 548 900 4 740 556 588 92 948 340 500 404 916 596 956 412
542: 263 775 783 15 535 919 159 415 287 39 807 431 439 311 63 855 223 479 871 367 495
543: 262 934 966 646 582 678 454 334 750 78 14 622 406 30 278 62 254
544: 33 833 257 641 489 377 9 425 681 753 665 593 945 761 825 89 921 953
545: 424 456 648 568 232 664 488 144 912 592 528 80 752 408 152
546: 771 259 779 787 147 667 795 51 67 195 467 979 995 747 235 371 627 883 379 123
547: 162 90 778 234 42 138 362 490 170 906 274 178 402 570 282 218
548: 773 781 669 541 933 165 173 941 813 693 565 573 701 69 325 837 77 853 749 109 237 493 117 885 253
549: 900 452 772 836 484 812 620 28 188 468 916 852 148 52 412 820 212 892
550: 391 135 7 895 425 567 695 823 55 56 831 447 711 199 599 727 239 247 255
551: 134 262 270 398 918 150 806 166 438 694 838 326 710 846 726 854 606 862 222 366 766
552: 257 265 137 777 529 913 785 409 25 425 169 812 433 305 953 705 577 72 201 857 353 497 369
553: 0 128 528 536 664 24 800 40 936 440 704 832 64 200 848 80 720 464 984 352 232 624 632
554: 835 643 131 619 267 811 395 779 427 523 747 979 667 763
555: 770 898 650 394 522 786 18 34 298 178 570 314 586 714 842 82 338 346 226 762 738 618 250 890
556: 133 645 789 541 165 813 45 957 445 325 717 725 341 733 477 613 109 365 629 501 885 893
557: 4 324 932 908 396 684 588 460 156 188 748 404 244 284 476 540
558: 903 999 583 231 839 815 895 991 63 287
559: 478 6 230 358 606 702 430 462 206 46 406 886 918 310 950 222 958
560: 641 513 9 17 281 409 297 433 177 593 849 977 473 729 857 889 993 865 873 753 241 761
561: 384 520 8 24 160 32 928 304 432 688 48 192 456 720 592 976 216 96 864 360 752
562: 3 779 139 787 931 291 435 179 563 947 56 699 187 317 467 851 211 83 731 107 883 115
563: 386 610 642 130 90 290 218 938 42 778 714 10 594 562 50 626 946 858
564: 765 281 669 285 301 701 709 581 72 205 589 341 725 469 477 485 997 237 877 253
565: 644 652 796 548 300 700 956 572 68 580 324 76 212 724 92 220 236 876 500
566: 775 663 671 415 167 687 303 951 575 63 319 79 335 599 727 479 991 375 103 623 503 639
567: 270 910 918 22 534 550 166 38 942 182 190 702 454 582 598 94 990 606 102 870 486 614 750 238 494 374 246
568: 521 17 145 25 545 417 185 705 193 969 465 729 609 617 105 489 505 625 753 121
569: 256 128 520 16 672 32 928 685 48 816 704 456 336 80 472 88 216 616 872 368 240 244
570: 355 675 963 451 419 635 547 291 267 715 235 555 683 755 435 307 507 443
571: 954 962 866 802 898 762 354 778 458 810 362 466 754 402 498 218
572: 517 645 141 893 917 29 45 565 309 445 965 837 453 69 725 861 221 733 997 493 765
573: 4 132 148 532 548 172 820 308 836 76 204 732 220 484 364 492 252 380 124
574: 7 775 639 279 927 39 807 815 943 175 703 455 215 991 351 607 223 231 375 127 255
575: 518 782 398 150 278 670 806 310 54 566 694 182 702 958 582 342 214 982 606 622 118
576: 513 1 393 273 17 537 793 33 417 801 809 945 49 697 825 449 329 217 857 865 745 377 761
577: 896 512 864 280 192 608 776 552 904 872 816 752 176 400 920 888 184 216
578: 451 899 139 523 907 171 11 787 667
579: 954 642 866 898 226 514 154 762 378 850 506 754 338 914 986 794 826 922
580: 229 773 645 205 237 845 941 717 685 493 629 949 565 373 221
581: 516 932 908 716 108 188 788 276 316 564 988 604
582: 383 775 511 655 911 287 543 807 295 303 567 183 319 575 959 71 119 495 111 239 887 631 127 255
583: 518 774 654 22 286 934 558 822 310 958 190 838 70 462 342 350 230 118 638
584: 673 1 345 841 745 753 785 697 593 761 497 857 25 953
585: 0 312 744 504 264 728 784 760 536
586: 795 515 195 675 555 907 587 171 51 243 659 819 667
587: 674 290 2 354 610 802 586 682 346 178 786 690 658 498 26 858 922
588: 133 141 149 541 805 557 941 701 61 317 325 589 845 85 981 341 221 245 501 381
589: 452 804 420 68 900 940 716 268 588 92 140 916 788 212 52 564 724 540
590: 663 23 895 287 807 39 815 439 311 191 599 983 223 607 487 111 887 119 511
591: 382 134 678 510 838 462 910 798 782 46 238 958 694 662 598 94 886 638
592: 769 905 137 409 25 545 41 817 561 689 313 441 193 457 841 713 81 977 993 353 497 121
593: 512 384 256 648 400 784 792 544 40 688 304 560 824 320 840 584 336 848 96 736 224 616 104 112 120
594: 259 899 139 907 19 155 299 939 811 683 563 947 835 195 459 203 467 211 987 347 731 107 755 627 115 251
595: 418 642 674 994 482 898 322 746 874 394 810 42 410 882 466 754 730 922
596: 541 997 165 325 293 173 941 13 189 597 85 373 437 957
597: 260 396 276 924 156 284 540 436 308 828 956 60 460 852 340 596 84 92 100 884 764
598: 511 767 535 663 919 151 23 927 671 175 47 567 311 831 447 847 591 95 367 119 127 255
599: 422 134 710 550 654 590 830 750 894 254 990 566 214 22 94 470 382
600: 929 449 705 737 385 233 377 489 849 49 945 825 121
601: 192 640 928 704 0 128 104 840 456 632 920 824 88
602: 259 355 363 331 939 491 299 883 915 147 371 475 187 667
603: 986 706 194 130 90 122 322 202 346 114 242 18 730 442 826
604: 261 517 645 773 909 525 661 413 797 805 165 301 429 53 581 837 973 861 613 749 253
605: 644 396 652 532 668 796 156 540 676 36 804 684 436 964 204 84 980 988 612 100 116 244
606: 647 519 15 655 407 287 415 799 295 551 559 951 567 447 575 719 975 727 343 351 479 999 615 631 767
607: 518 142 526 654 14 270 150 286 686 822 182 62 574 198 590 846 102 622 886
608: 897 259 393 9 657 916 281 921 409 801 417 425 433 825 321 449 65 577 201 73 713 849 977 217 729 233 361 745 873 633
609: 640 904 400 16 416 40 568 952 56 192 832 456 328 720 208 472 728 216 480 864 760
610: 387 643 523 907 19 283 667 811 939 563 835 67 451 587 211 347 731 107 755 499 635
611: 522 530 274 146 538 410 162 682 810 426 42 170 171 58 314 826 450 330 466 98 866 242 250 895
612: 277 797 285 37 933 949 693 701 61 325 333 845 469 85 605 861 101 749 237 125
613: 636 676 556 428 820 836 212 92 604 356 228 868 996 236 244 884 116 630 892
614: 263 519 511 159 935 807 567 55 447 831 455 975 855 215 343 991 735 871 495 255
615: 318 966 6 422 262 606 518 742 38 782 814 886 214 118 190 414
616: 129 897 281 25 33 681 817 569 65 321 713 593 737 353 121 361 241 497 633 761
617: 384 512 520 400 272 664 288 160 424 944 440 952 568 832 840 200 456 848 208 336 472 856 728 736 992 104
618: 387 3 259 771 539 923 555 939 947 955 707 843 715 467 723 867 235 883 243 379
619: 130 994 514 90 554 426 250 474 530 82 722 698 826 922
620: 69 549 101 13 301 493 525 717 429 405 149 373
621: 700 732 228 420 236 156 660 308 788 884 948 60
622: 223 295 7 199 543 607 495 271 399 303 919 119 735 719 247 575
623: 902 392 142 654 422 46 814 174 566 58 190 214 342 94 504 878 110 118 886 758 766 639
624: 384 929 129 833 449 553 681 9 505 433 209 305 881 500 537 921
625: 0 408 792 288 40 680 936 568 832 80 728 216 376 360 232 488 744 368 248 122
626: 259 643 707 427 531 403 563
627: 706 2 130 90 418 546 810 650 490 338 18 370 594 178 978 282
628: 69 453 197 37 653 237 381 725 341 789 157 285 509
629: 580 228 740 860 804 652 556 140 460 812 28 188 180 276 500 692 380 540
630: 7 903 399 663 415 34 935 175 311 63 839 711 847 215 351 613 231 487 887 111 631 639
631: 998 582 38 606 390 950 470 886 630 758 86 446
632: 905 393 145 409 681 41 553 809 945 961 73 329 721 337 849 729 601 89 377 105 753 761 121
633: 896 512 16 528 912 928 672 424 432 696 184 960 328 208 344 88 96 608 616 880
634: 643 771 387 27 411 35 675 291 419 803 171 683 179 315 203 843 851 467 219 731 747 491 243 371 123
635: 130 138 778 410 290 802 34 674 810 938 434 818 50 946 570 322 970 466 210 730 98 610 362 114 378
636: 389 261 397 525 277 797 53 693 829 445 717 461 85 221 613 741 869 493 885 253
637: 196 452 132 644 260 708 972 428 12 684 492 724 948 692 124
638: 711 455 231 583 199 391 39 79 591 943 639 527 703 495 767 663 191
639: 390 782 406 534 286 926 38 425 814 566 574 958 62 190 838 198 726 998 358 742 366 623 630 638
640: 665 945 185 825 441 953 705 329 81 465 601 353 609 737 873 233 745 241 121
641: 896 256 136 904 528 672 544 296 808 40 560 688 824 952 312 456 200 968 464 80 344 728 352 864 880 496 120
642: 643 907 523 19 403 155 283 691 563 827 579 83 339 595 219 227 867 875 755 763
643: 642 514 10 778 146 786 538 674 554 818 442 954 314 450 458 202 978 850 346 610 994 250 626 754 506 634 378
644: 389 261 149 925 37 813 821 565 949 325 965 717 341 605 221 109 501 253 637
645: 516 140 12 396 268 924 412 676 164 684 556 572 580 604 876 748 124 116 756 508
646: 223 535 967 903 135 543 111 367 239 919 55 375 447
647: 518 654 22 790 798 166 942 190 326 334 78 470 854 982 606 486 110 118 886 894
648: 1 385 777 521 913 289 545 801 809 689 441 65 329 593 729 737 489 233 377 361 249
649: 800 832 704 64 224 320 872 712 168 424 688 432 88
650: 899 931 387 131 35 515 995 323 811 555 91 403 915 627 243 947 259 923
651: 674 130 34 90 682 906 346 82 658 466 402 274 858 922
652: 605 325 5 229 765 749 493 365 629 853 693 565 157 213 317
653: 732 196 228 36 452 996 108 140 428 92 628 660 500 980 444 892
654: 7 263 135 647 535 663 927 287 159 807 167 303 943 55 71 583 599 607 871 623 239 887 111 759
655: 902 774 398 406 918 670 798 926 286 302 582 966 718 206 78 470 606 862 94 870 998 486 382
656: 129 769 777 905 265 537 409 417 33 681 433 305 689 177 57 321 329 217 345 985 873 233 881 377
657: 608 160 768 248 256 384 352 512 360 536 968 48 336 792 56
658: 515 803 899 931 259 987 59 419 523 651 971 907 43 939 587 691 251
659: 986 514 194 418 258 866 842 362 586 746 714 82 114 786 730 538
660: 397 909 653 405 789 293 165 421 173 813 821 709 837 965 845 461 333 717 733 477 989 741 365 621 373 757
661: 964 484 828 132 876 428 812 140 76 788 20 316 692 412 604
662: 439 191 679 303 919 143 463 943 591 431 527 695 207 671
663: 262 526 654 894 534 670 30 166 950 566 702 830 190 966 70 590 334 598 478 222 630 118 638
664: 769 521 273 529 281 545 553 937 945 329 457 969 209 865 377 617 881 497 505
665: 288 640 704 544 680 240 336 400
666: 803 931 131 771 523 203 75 363 883 915 443 147 19 531 187 699 731
667: 514 130 138 394 146 802 546 554 682 50 954 314 450 578 962 586 850 210 218 602 730 858 610 98 234 882 242 122
668: 605 453 421 101 733 333 493 397 501 885 949 149 277 342 349 701 221
669: 132 4 796 548 292 676 684 428 300 564 324 972 852 740 996 364 108 116 372 756 500
670: 775 7 15 655 143 663 23 919 423 679 439 575 839 967 79 471 223 871 759 495 111 119
671: 710 774 166 806 814 878 334 174 462 942 662 566 278 598 830 286
672: 641 905 913 793 681 41 809 305 569 705 193 713 465 721 209 985 353 233 761 633
673: 192 416 408 808 584 968 936 72 760 976 464 272 48 304 952 56 120
674: 643 891 771 651 395 139 531 803 43 179 819 59 843 587 203 595 859 731 483 635 107 123 371 763
675: 514 770 66 386 394 842 906 586 146 402 946 82 690 634 178 570 922
676: 453 645 613 669 829 781 237 365 525 989 845 917 405 757 349 605
677: 388 260 900 132 796 172 820 948 692 828 956 196 844 212 340 996 868 492 500
678: 527 535 919 159 543 431 311 63 831 71 591 975 79 463 119 223 351 863 871 751 495 503
679: 518 916 662 406 30 670 318 70 326 334 974 470 342 350 478 102 878 371 374
680: 129 777 905 913 529 665 937 825 57 705 457 81 353 97 993 489 745 105 881 625
681: 672 64 544 344 488 616 840 392 656 624 760 848 16 912 984 632 88
682: 779 651 267 523 155 411 667 35 955 715 587 979 475 611 123 491 243 507 891
683: 258 386 394 10 18 146 930 290 570 970 714 458 338 594 850 218 346 994 482 874 362 634
684: 645 773 669 29 285 37 557 301 837 845 853 477 605 365 749 493 237 373 117 253 637
685: 740 292 420 580 260 708 293 172 780 12 844 300 348 569 476 220
686: 439 871 103 479 759 607 783 271 887 47 791 183 63 223
687: 350 710 6 102 70 46 142 942 462 398 78 254 246 566 502 94 982 990
688: 641 513 649 137 265 393 537 177 561 689 305 705 329 457 593 337 721 345 481 113 505
689: 392 136 648 912 656 280 296 688 312 56 976 592 80 344 216 224 368 888 248
690: 867 355 675 963 995 587 371 179 211 475 955
691: 642 258 138 402 658 162 810 50 962 202 842 330 338 90 354 362 378 242 506 122
692: 259 133 765 21 661 790 421 933 677 317 333 77 205 85 861 349 989 485 365 125 629 637
693: 4 892 140 780 524 652 20 412 156 292 548 812 44 820 180 956 444 701 836 716 980 860 612 356 492 636 125
694: 23 167 551 815 47 575 327 591 335 855 983 215 991 487 231 879 495 375 255
695: 6 526 894 150 790 662 550 294 182 326 454 206 334 862 478 742 110 886 254 374 766
696: 385 769 521 537 41 305 833 329 337 209 89 345 737 377 489 233 873 369 633 249
697: 160 800 0 576 352 384 512 416 712 584 64 296 224 784 792 888 768
698: 3 387 779 275 923 35 419 819 307 955 843 715 475 867 619 747 235 243 755 379 763
699: 738 322 834 866 962 218 50 306 370 818 562 666 986 794
700: 69 5 493 621 973 301 205 85 565 821 917 541
701: 900 4 916 668 292 548 44 820 564 693 188 68 452 588 212 476 225 612 228 748 876
702: 567 231 295 999 663 575 719 559 951 983 55 831 151 247 447
703: 998 966 838 902 638 574 494 110 366 894 958 950 854 918 94 86 190 862
704: 649 913 665 921 929 161 289 553 297 169 433 569 57 601 857 889 737 481 121
705: 640 128 8 528 784 672 160 552 680 944 688 824 568 64 328 344 600 88 216 864 232 888
706: 75 491 627 83 443 603 827 731 763
707: 994 34 130 90 738 762 10 618 74 458 378 338 626 442 922
708: 773 909 917 933 429 685 181 189 317 325 333 725 469 341 357 365 757 373 637
709: 420 932 356 892 844 268 908 460 916 660 180 884 820 564 156 540
710: 223 351 599 415 7 551 447 759 903 855 975 15 271 143 687 391 247 671
711: 390 518 638 142 918 150 798 550 38 430 822 54 318 366 758 118 630 886 126
712: 513 161 329 905 649 937 465 697 761
713: 896 512 264 520 136 904 784 536 24 152 672 424 936 944 976 592 728 608 352 96 616 368 760
714: 65 35 987 27 875 171 907 683 187 555 563 243 883 819 659 787 155 479
715: 386 258 130 906 922 34 802 290 682 426 954 442 570 698 962 458 82 482 618 106 250 754 498 762
716: 197 837 581 525 813 589 141 893 237 461 941 501 693 349 445
717: 644 516 764 12 660 36 556 308 444 452 836 580 324 212 228 996 868 364 620 244 500 636
718: 439 319 999 327 839 719 751 655 463 175 503 511
719: 262 390 526 918 278 926 806 302 174 950 310 446 702 326 718 726 982 606 222 94 742 358 750 622 246
720: 897 9 529 281 409 289 553 561 433 441 57 825 193 969 89 609 865 745 873 241 497
721: 0 392 912 152 672 168 688 952 64 208 344 728 480 864 360 104 112 240 496 632
722: 35 419 259 899 355 59 123 139 155 619 811 203 211 83 275 755 883 539
723: 194 866 258 762 834 490 906 842 618 938 746 10 754 306 186
724: 933 229 749 925 525 301 461 877 589 565 157 341 637
725: 708 516 772 996 860 484 44 812 556 364 12 628 116 564 948 345 572
726: 359 807 167 551 7 39 855 399 783 719 239 143 831 887 991 639
727: 318 38 390 550 606 102 734 910 526 862 894 566 854 470 22 182 246 510
728: 769 641 1 129 273 529 441 449 961 585 713 977 721 985 609 873 617 625 881 241 889
729: 0 128 8 648 408 936 48 560 440 568 832 968 72 88 608 488 872 880 632
730: 395 11 659 155 667 419 435 179 323 595 979 219 347 475 603 859 483 243 115 635
731: 394 18 914 786 666 674 562 50 314 826 706 458 594 210 978 474 346 858 610 242 634 122
732: 509 573 741 261 389 485 869 733 653 621 301 181 245 981 221
733: 668 732 836 36 428 748 524 556 12 204 156 364 660 884 148 444 316 572
734: 439 255 903 7 383 479 519 791 463 143 951 111 23 727 959 279 63 191
735: 134 142 406 934 814 310 822 198 846 206 982 854 478 222 614 358 622 374 886
736: 321 161 513 737 897 97 353 833 617 233 457 105 209 785 593 441
737: 896 640 648 904 912 272 280 696 824 704 832 80 208 600 120 736 992 488 616 248
738: 771 139 787 803 939 555 699 963 707 195 75 843 91 219 867 483 107 755 371 891
739: 986 930 386 66 842 362 138 746 786 914 82 498 274 370 474
740: 509 909 149 541 669 685 173 821 189 205 77 341 853 981 349 229 237 365 629 765
741: 516 260 268 660 916 20 156 412 804 940 316 732 860 996 356 876 124 372 884 244 636
742: 383 639 791 151 159 31 799 423 303 439 823 695 319 71 719 79 119 247 375 95 743 615 759 255
743: 446 134 742 422 966 494 142 374 118 278 758 350
744: 513 289 897 321 353 585 409 201 841 377 425 777 817 945 241 625 473 57
745: 576 608 640 192 680 200 776 584 720 504 120
746: 291 835 387 739 323 67 779 875 331 75 971 235 595 979 787 659 723
747: 778 10 18 794 538 546 554 954 698 834 322 202 74 978 346 994 874 242 634 378 890
748: 37 197 701 805 645 861 173 925 893 557 205 29 381 501 189 733 445
749: 260 388 652 908 268 788 28 548 36 684 180 308 324 836 332 724 340 92 220 604 612 100 868 356 508 500 380
750: 391 911 15 543 159 423 567 183 319 719 599 87 223 351 479 95 751 367 127
751: 422 678 134 326 78 718 750 398 246 278 534 310 374 86 918 222 94 182
752: 129 257 97 577 353 545 193 865 41 809 169 505 561 497 401 825 57
753: 400 536 544 808 560 816 568 824 952 192 64 584 208 336 984 88 632 112 760 376
754: 643 3 387 779 139 403 411 539 43 51 571 579 715 843 723 979 595 859 867 371
755: 642 786 162 810 442 698 570 826 194 970 338 594 722 986 474 610 738 98 994 882 378
756: 773 645 893 789 405 669 157 797 933 53 317 845 229 357 485 237 501 245 509
757: 708 484 36 796 676 772 140 12 788 820 660 948 444 924
758: 287 423 711 871 743 631 135 431 399 47 623 15 919 991 927
759: 774 654 918 278 926 798 670 166 46 174 686 302 830 190 710 70 206 342 742 998 374 118
760: 353 673 257 609 969 809 681 713 41 585 401 273 753 17 25 921
761: 8 920 672 544 168 560 304 824 576 192 712 456 584 208 464 976 216 120 232 616 240 888 632
762: 523 147 555 307 571 195 835 707 579 331 715 459 843 851 723 859 99 107 123 507 251
763: 642 2 386 906 394 274 786 26 154 794 538 674 298 554 818 698 706 450 458 90 354 874 498 122
764: 869 717 173 957 301 909 469 597 85 181 277 789 309 117 285
765: 420 964 740 172 652 332 364 564 692 84 436 380 412 500 476 924 572
766: 783 535 407 31 551 295 943 47 695 319 831 967 455 207 335 247 351 479 999 623 879 887
767: 38 934 198 606 638 142 974 494 110 862 182 278 150 598 886 894
768: 449 481 513 33 97 345 441 657 433 697 89
769: 0 776 520 656 664 152 808 40 696 824 848 80 592 728 96 232 240 496 248
770: 67 675 323 131 891 995 59 451 811 555 459 171 971 251 979 179 411 27
771: 266 18 666 922 546 34 674 42 306 954 826 970 458 82 738 106 618 874 242 634
772: 261 549 781 989 725 405 341 277 757 349 445
773: 516 132 396 404 284 156 548 36 684 52 828 956 580 708 844 460 468 604 92 236 756
774: 903 135 655 895 151 671 423 935 175 47 815 439 583 119 87 983 351 863 871 103 759 383
775: 70 542 486 582 422 670 574 806 270 438 566 886 374 894
776: 1 769 137 9 777 537 417 289 161 817 577 321 449 969 889 745 113 497 121
777: 384 992 72 680 456 296 744 264 648 776 16 656 912 88 552
778: 643 131 403 283 547 307 563 571 323 459 851 859 987 219 747 251 371 499 507 635
779: 914 282 34 546 682 554 298 562 818 698 450 850 466 218 994 234 746 106 754 242 250
780: 389 133 525 149 37 685 813 173 693 53 189 837 965 69 205 349 869 501 245 373
781: 260 516 772 396 404 148 28 284 548 676 164 44 940 820 444 68 76 860 484 100 244
782: 439 535 351 615 455 887 639 591 983 911 151 183 575
783: 510 262 142 766 278 790 542 30 686 46 310 318 726 982 862 94 238 254 126
784: 513 265 401 273 417 49 185 313 697 65 705 585 329 713 969 593 217 873 361
785: 448 800 736 168 808 584 552 328 872 400 912 48 112 280 24
786: 643 523 915 787 659 19 283 419 555 307 435 315 443 195 75 587 83 339 475 731 739 755 251 763
787: 386 138 10 18 786 410 290 546 930 802 418 562 178 58 186 322 578 714 338 90 218 858 738 994 746 362 114 378
788: 197 581 229 797 13 621 749 589 973 61 757 149 661 85 253 317 189 413
789: 292 996 932 68 108 556 204 300 884 660 756 628 284 436 308 476 764
790: 471 319 351 39 903 71 167 647 783 367 911 500 831 692 695 927 991 479
791: 742 510 70 966 198 734 270 798 78 830 686 990 374 86 350 286
792: 1 865 161 361 297 593 657 433 625 113 697 913 345 985
793: 992 576 384 416 448 672 832 840 168 48 208 824 856 56 152 184
794: 795 859 35 419 579 747 459 187 875 203 211 499 51 531 83 763 699
795: 514 834 482 66 546 42 426 906 586 314 250 818 210 306 794 858
796: 605 261 677 485 669 797 269 397 957 173 277 565 917 405 757 381
797: 516 900 532 788 28 796 932 308 436 820 836 76 980 852 92 348 604 996 868 612 124 756 636
798: 407 351 359 711 647 903 759 791 943 879 655 15 591 55 247 375 343 415
799: 870 454 742 606 902 878 494 814 214 54 86 254
800: 0 129 897 649 265 521 11 401 913 785 537 921 281 289 553 171 305 49 433 697 73 969 81 473 361 105
801: 608 896 512 448 376 576 648 272 976 984 504 56 216
802: 907 787 19 923 667 171 51 435 819 571 315 59 843 715 587 83 211 859 867 107 491 875 507 635
803: 674 738 834 362 490 442 658 114 306 634 666 890
804: 605 997 741 933 485 357 173 589 813 85 245 629 981 93
805: 932 836 164 860 956 492 28 428 748 588 244 852 884 316 412 380 604
806: 519 391 383 775 527 399 919 671 167 551 815 575 319 839 327 455 719 975 79 343 999 511
807: 526 14 654 534 22 542 30 158 822 574 198 582 590 726 342 222 862 614 110 238 502 126
808: 673 769 321 929 641 489 137 361 393 849 753 785 305 17 913 409 57
809: 288 896 448 928 672 576 648 632 48 760 752 432 912 471 280 56
810: 11 523 267 147 291 819 691 315 571 323 83 595 979 611 995 99 483 107 627 755 635
811: 954 226 610 770 554 650 170 250 522 18 402 850 594 978 114 722 218 858
812: 33 261 549 37 552 861 397 13 877 725 341 373 693 661 629 125 245 829
813: 260 644 395 780 404 660 932 804 548 556 172 308 820 436 63 964 324 716 76 372 116
814: 519 639 23 671 799 927 39 47 439 55 447 71 967 839 79 463 215 351 735 615 623 383
815: 446 38 806 774 174 110 974 558 590 958 694 470 94 574 286
816: 449 353 577 961 321 161 833 897 457 201 569 529 881 401 753 177 857
817: 896 256 776 400 280 536 176 440 448 200 840 592 976 480 224 744 616 368 504
818: 795 131 643 419 3 43 779 875 139 283 531 435 275 339 635 699 763
819: 130 34 674 802 810 186 698 450 330 586 202 714 218 474 986 482 226 994 354 106 242 498 370 506
820: 781 797 925 413 421 37 549 677 813 173 693 701 573 709 461 349 989 613 365 493 757 373
821: 700 996 740 644 836 268 884 340 660 212 284 276 956
822: 391 15 159 927 423 167 807 55 711 967 583 975 463 607 735 999 103 359 239 367 887
823: 398 918 30 550 38 422 942 182 950 54 446 86 222 742 870 998 110 366 494 502 254
824: 641 769 137 521 401 145 273 793 409 297 41 953 57 705 457 593 849 857 601 97 737 753 761 505
825: 0 640 392 264 912 544 296 680 576 968 336 848 720 600 984 608 480 360 104 880 752 376
826: 387 771 515 907 19 155 59 315 67 579 331 339 211 467 859 987 603 219 731 611 107 619 755 371 891
827: 514 706 642 66 98 154 162 938 458 42 266 306 178 114 914 18 58 858
828: 901 773 141 661 149 21 405 677 301 53 957 189 837 965 461 597 469 349 869 485 885 381
829: 132 268 276 28 540 676 164 44 812 956 324 332 988 220 100 484 108 252 380 636
830: 263 383 663 895 23 791 671 295 431 967 847 207 599 343 479 999 759 127 511
831: 262 510 766 790 30 678 550 934 430 54 702 78 462 854 726 598 990 614 230 878 118 254
832: 257 521 649 793 289 553 305 433 313 441 65 329 465 729 609 865 481 737 617 361 625
833: 288 352 224 544 992 896 736 136 872 536 40 232 696 624 816 432 24
834: 131 163 803 75 747 123 283 115 723 403 947 795 699
835: 66 610 962 26 130 746 970 554 458 138 410 594 338 882 466 762
836: 133 517 909 269 21 797 805 549 693 821 53 573 445 837 69 973 717 469 733 613 749 893
837: 900 260 908 780 660 412 548 36 684 828 444 572 836 716 852 604 100 876 372 244 508
838: 15 639 399 919 551 39 175 951 958 703 63 583 455 839 975 591 471 343 218 255
839: 318 806 294 998 422 486 838 718 814 558 94 374 630 278 918 982 886 670
840: 513 257 129 521 793 153 289 41 681 817 185 841 969 201 593 465 217 601 225 617 233 361 113
841: 0 96 256 408 840 744 536 424 584 592 184
842: 3 387 907 267 523 659 675 555 691 955 315 443 843 75 723 851 83 739 355 99 867 235 491 243 379
843: 130 258 138 914 674 802 930 938 178 954 698 322 842 738 618 490 754 114 634 762
844: 709 677 773 485 973 525 685 845 285
845: 420 580 868 260 612 676 908 684 492 844 268 588 508 660 756 476 92
846: 191 551 167 607 943 175 879 79 919 951 279 735
847: 526 398 142 30 294 430 182 310 830 198 470 854 86 598 222 862 998 486 630 118
848: 769 289 65 73 617 553 297 681 409 593 401 825 153
849: 128 896 408 24 808 40 560 440 184 824 64 456 336 464 984 600 96 608 352 360 112 888 632
850: 291 131 579 643 35 235 811 779 907 331 683 307 411 531 475 667
851: 514 522 778 530 914 42 434 562 954 58 66 842 978 466 90 346 98 370 634 762
852: 141 21 917 157 669 797 549 805 933 421 53 437 317 453 837 597 469 989 349 237 373 893
853: 900 4 516 652 908 276 28 412 548 44 684 300 196 460 76 212 740 108 372 124
854: 647 527 911 23 919 279 415 31 295 551 175 191 703 831 959 199 327 847 335 727 343 735 383
855: 102 446 614 486 510 998 542 422 710 294 302 870 894 150 694 726 278 126
856: 97 929 281 617 297 73 497 881 17 305 433 337 857 793 985 25
857: 192 248 576 352 280 704 552 584 904 200 816 240 824 144 560 856 344 88
858: 651 395 787 27 155 667 795 931 291 35 299 811 43 307 563 827 587 971 979 347 731 867 491 875 251 243 891
859: 2 386 394 778 274 794 922 674 802 34 434 186 826 202 82 210 730 346 482 866 122 882 498 754 762 890
860: 101 805 741 781 461 405 629 725 117 693 501 957
861: 900 388 260 404 156 284 412 540 164 812 692 572 204 220 604 484 356 612 748 508 244 892
862: 263 271 655 783 279 551 807 431 175 695 311 703 327 79 335 847 727 247 351 863 991 359 103 375 767
863: 774 142 926 158 286 678 46 174 310 318 446 454 70 862 494 366 238 374 510
864: 193 993 321 513 577 641 65 417 265 41 393 505 977 721 561 921 705 609
865: 192 280 832 576 408 472 904 360 664 880 208 272 560 720 752 792 216
866: 387 139 659 411 35 171 947 571 315 699 579 963 723 467 859 91 483 611 507 379
867: 34 802 642 90 290 322 26 738 458 106 234 618 842 690 754 698 250 858
868: 269 13 797 925 285 413 37 677 461 973 845 333 717 477 349 485 101 613 749 125
869: 732 452 196 356 828 764 4 76 972 780 436 180 316 412 636
870: 567 823 855 431 975 951 335 655 799 207 911 887 991 255
871: 134 774 390 6 398 654 910 14 670 30 542 678 686 46 438 310 206 342 478 230 102 614 494 758 118
872: 385 1 649 393 17 785 417 937 433 49 185 569 833 577 329 201 89 729 489 105 369 889
873: 640 656 400 144 784 408 536 288 928 296 176 48 560 696 192 208 720 472 728 88 984 608 360 112
874: 259 923 771 987 139 747 683 155 251 971 275 595 435 467 243 19 347 763
875: 642 386 258 26 794 162 802 170 178 818 946 962 322 458 714 970 202 338 474 858 482 234 746
876: 645 133 261 405 661 149 37 45 429 437 565 701 957 69 453 197 837 333 85 349 741 245
877: 100 292 164 484 324 924 172 812 908 188 212 916 884 84 724 412 564 892
878: 255 287 935 679 7 39 511 415 975 623 111 799 831 23 671
879: 134 526 14 766 894 798 46 302 694 310 958 198 846 214 222 350 486 230 238 118 254
880: 865 153 121 641 201 425 441 633 177 465 729 529 17 825 537
881: 896 128 16 656 408 664 24 160 680 816 944 952 960 200 976 464 728 856 344 992 104 496 368 624
882: 387 267 19 411 667 419 299 179 443 835 67 595 979 467 859 483 107 499 755 123
883: 66 98 290 514 162 546 186 170 618 362 714 338 82 562 722 666 602
884: 269 397 141 533 789 277 157 805 821 949 709 77 213 597 341 477 733 741 613 877 621 117 885 373 893
885: 636 356 548 828 460 492 76 236 556 180 84 316 436 468 884 116 948 668
886: 775 647 383 15 535 279 151 31 559 431 695 839 711 335 591 207 215 479 607 735 615 623 631 767
887: 518 782 654 14 22 30 934 686 310 822 326 582 590 726 470 86 350 94 870 110 630 766
888: 705 577 313 201 937 73 409 401 497 849 697 761 433 689 473 25
889: 160 704 344 936 504 872 776 728 560 912 240 24 184
890: 963 803 955 355 987 27 907 747 555 299 219 379 411 211 859
891: 674 450 418 354 58 514 738 186 770 682 10 330 98 114 146 346 826 858
892: 901 389 653 149 405 285 549 693 949 709 197 461 973 861 989 93 349 613 877 245
893: 260 4 836 492 556 44 716 748 884 84 852 756 380 276 924 572
894: 599 775 423 695 727 39 647 663 415 431 879 703 767 55 855 351 63
895: 611 38 774 294 134 550 590 558 830 110 238 270 438 125 190
896: 897 641 129 9 905 529 409 281 25 289 801 417 809 817 313 577 833 713 849 737 881 113 633 377
897: 896 608 736 480 288 800 168 904 936 8 744 616 400 944 720 816 88
898: 99 579 355 907 363 187 555 171 523 115 947 443 595 147 539 571 379
899: 10 650 138 266 914 658 274 290 42 946 306 434 322 578 202 466 594 722 986 474 490 506 498 250
900: 541 157 797 549 677 173 309 701 317 453 965 837 77 333 589 853 341 861 221 349 365 373 381
901: 420 996 828 516 892 68 332 396 468 412 28
902: 135 415 263 71 391 655 207 271 111 623 527 703 799 951 319
903: 774 646 790 798 158 174 430 558 182 326 454 198 710 990 734 486 358 246 630
904: 897 641 521 145 153 425 169 945 577 65 449 713 337 217 857 865 609 737 105 233
905: 896 136 16 656 280 672 40 680 296 304 56 64 712 592 96 488 104 496 240 632
906: 387 547 675 715 651 283 723 307 51 947 795 763
907: 898 642 10 18 658 282 802 426 186 826 578 450 842 714 586 338 594 850 474 218 346 610 226 122 250 370 242 506 890
908: 5 909 533 21 165 557 941 53 957 837 581 709 845 85 853 981 357 749 877 109
909: 996 708 836 740 260 292 452 764 908 12 156 532 20 660 276 220 604
910: 159 567 263 871 487 727 943 303 591 175 79 919 463 471 991 447
911: 518 270 782 790 22 934 942 430 950 190 582 342 854 998 870 486 110 750 382
912: 545 737 993 281 313 809 777 265 681 689 113 633 785 721 825 889 921
913: 800 96 704 448 960 672 648 680 552 808 272 792 528 280 24
914: 899 131 395 779 139 411 35 827 315 195 579 843 851 467 731 739 371 243 123
915: 322 130 482 354 122 98 10 458 314 650 378 266 786 434 242 602 666 282
916: 5 269 13 533 149 541 925 413 29 549 679 941 45 309 701 709 589 213 469 608 741 877 373
917: 700 676 796 132 388 196 708 108 972 468 404 52 852 380 348 156 572
918: 391 135 527 655 23 535 551 559 567 823 703 319 711 839 719 231 487 759 239 751 503
919: 646 910 662 150 542 670 414 806 678 302 174 46 838 974 846 206 598 854 94 238 622 246 758 126
920: 577 33 521 105 489 49 337 945 241 761 209 601 921
921: 128 272 912 24 920 544 800 416 168 432 56 704 344 984 88 608 864 360 368 624 760
922: 771 11 651 267 19 539 411 283 419 675 171 179 307 187 315 579 451 707 715 75 587 595 979 859 987 995 619 507
923: 482 26 354 802 450 618 650 874 106 410 306 698
924: 997 645 261 453 389 5 893 877 13 381 61 277 757 597 253 285 765
925: 868 644 324 956 972 460 748 188 724 820 244 980 52 916 284 92
926: 7 391 655 639 159 39 175 47 55 191 719 471 247 863 375 759 495 503 127 255
927: 134 654 14 790 414 814 174 950 438 822 574 190 966 462 86 598 470 758 382
928: 961 457 873 809 489 137 537 569 601 633 977 241 945 561 209 121 953 521
929: 384 704 440 472 232 456 536 424 136 808 624 208 976 856 528 176 600 24
930: 515 739 995 987 91 843 683 523 43 787 371 499 411
931: 2 650 146 658 666 26 562 434 946 954 962 194 322 970 466 346 474 858 98 250
932: 133 261 141 533 277 789 797 413 805 37 813 45 557 445 709 581 85 469 997 245 373
933: 804 548 996 708 4 324 612 364 532 948 756 852 724 692 444 284 380
934: 583 295 447 511 543 911 111 527 887 767 831 87 311 735
935: 414 478 614 358 70 166 774 78 974 878 430 630 254 438 222
936: 161 897 673 257 297 457 553 713 977 625 81 729 889 57
937: 384 128 392 264 136 520 272 664 536 152 680 296 424 952 960 712 352 488 872 888
938: 147 155 539 299 563 827 59 443 195 331 843 459 979 723 219 363 123 115 635
939: 482 290 738 610 514 202 74 298 618 474 178 18 594 658 50 602
940: 357 293 741 973 589 173 781 53 949 437 533 373 341 93
941: 548 580 420 292 988 332 908 588 76 108 716 916 468 596 308 412 444 380
942: 287 647 263 135 423 103 823 911 15 687 671 271 79 567 63 383
943: 638 910 398 654 766 662 278 798 286 430 574 70 846 470 230 238 110 366 382
944: 897 33 705 97 457 105 617 713 329 497 113 49 337 881
945: 640 520 904 8 664 920 32 928 544 40 424 576 192 968 80 336 600 88 224 744 632
946: 675 899 131 515 931 635 59 459 971 75 875 43 531 275 83 243 563 187
947: 898 906 650 410 290 298 42 562 58 66 834 202 330 594 82 90 866 618 114 250
948: 637 397 533 405 21 541 413 933 421 677 61 69 205 725 229 621 237 885 757 253
949: 580 612 324 644 892 988 940 972 364 884 84 476 668
950: 519 391 271 911 663 279 287 927 415 423 47 559 823 183 703 63 719 983 119 479 103 631
951: 902 134 22 166 566 182 438 54 702 190 838 326 846 342 478 734 606 998 870 358 510
952: 641 1 281 673 33 937 433 57 321 193 969 81 721 217 985 97 609 481 617 489 881 753 505
953: 544 928 640 552 584 136 424 368 824
954: 131 643 3 771 147 667 29 931 811 51 179 571 579 715 203 843 75 851 987 99 483 997 491 747 107 115 371
955: 10 18 402 26 410 538 34 682 298 170 50 690 186 314 698 450 458 842 226 482 98 618 362 890
956: 389 773 517 397 405 285 541 925 677 165 805 173 821 565 693 829 317 325 77 85 597 485 365 501 125
957: 764 164 828 860 876 300 908 140 556 156 116 596 180 20 308 476 796
958: 23 287 31 36 815 559 431 575 703 63 838 199 583 591 87 215 479 999 367 879 639
959: 582 358 326 262 70 6 294 142 110 974 270 118 150 854 734
960: 353 385 121 281 73 137 937 105 9 393 633 913 881 209 409
961: 928 0 384 192 232 264 520 200 632 728 816 336 432 184
962: 259 531 283 539 667 931 299 43 691 571 699 835 715 467 979 987 475 107 875
963: 130 410 282 295 50 434 690 314 570 58 194 450 338 218 866 98 994 738 114 890
964: 261 389 397 141 661 405 541 421 813 301 205 605 349 101 485 365 109 493 381 245 765
965: 900 196 484 828 644 172 780 524 52 212 660 404 252 572
966: 135 391 519 655 663 791 407 543 927 47 183 311 703 191 247 95 615 743 503 255
967: 646 6 134 14 670 302 430 814 182 822 830 326 454 462 214 982 478 374 502 766
968: 257 641 529 657 276 153 25 413 416 673 433 945 825 72 329 73 201 81 209 465 345 729 985 361 497
969: 96 384 800 840 168 568 776 488 664 760 784 368 16 720 952 504 88 120
970: 771 995 387 835 931 67 483 635 427 683 203 331 875 315 19 755 307 27
971: 770 10 266 402 658 26 290 42 946 50 442 66 450 858 98 490 362 874 746
972: 165 637 669 421 869 133 397 925 205 29 61 949 437 181 917 381 445
973: 4 388 516 524 140 532 788 940 308 700 836 844 340 468 92 348 604 868 100 508 892
974: 191 439 295 679 935 111 975 815 919 767 15 55 247 959 447
975: 454 710 838 870 806 678 606 230 974 878 614 822 342 214 222 286
976: 89 929 193 801 673 353 201 457 425 713 689 81 817 881 561 761 505
977: 256 408 160 928 936 176 560 184 192 592 728 984 224 864 608 488 360 496 376
978: 131 643 139 19 811 435 851 467 219 347 91 731 355 995 483 227 99 747 627 115
979: 770 922 34 546 938 554 682 810 50 442 962 338 346 730 858 746 234 882 754 250
980: 605 517 229 421 797 205 365 925 653 93 437 341 277 85 693 285
981: 732 740 292 804 908 300 396 108 492 588 500 92 540
982: 159 839 967 455 647 575 719 783 687 87 63 735
983: 134 774 326 262 782 590 462 430 950 254 182 694 702
984: 137 9 401 537 409 921 801 681 41 553 177 49 185 313 825 73 849 977 345 473 873 753
985: 128 280 672 376 488 168 200 968 728 272 400 792 856 656 952 56
986: 579 899 739 67 43 459 363 219 147 467 755 659 819 435 603 347 699
987: 2 778 658 146 154 922 930 42 170 434 954 314 826 962 714 458 594 218 354 98 874 890
988: 605 581 205 365 397 941 949 469 533 277 349 829
989: 164 772 676 260 892 68 452 460 140 172 692 820 852 660 412 476 380
990: 159 567 599 391 999 295 903 791 335 687 495 367 23 439 831
991: 910 150 790 558 694 438 566 574 206 726 222 862 614 230 870 110 238 758 502 118
992: 513 737 833 153 345 393 297 521 777 617 377 881 497 465 793 121
993: 864 128 160 392 360 200 680 560 240 592 912 209 24 317
994: 707 963 323 643 619 683 747 779 491 43 83 371 51 819 595 755 787 251
995: 130 386 770 266 650 394 146 26 922 32 930 546 34 298 810 690 306 450 458 970 978 90 219 106 234 506
996: 5 901 133 909 653 149 789 669 797 933 677 45 301 821 69 205 717 725 741 613 109 253
997: 804 4 932 228 395 468 596 340 564 276 954 924 572
998: 383 391 639 911 655 399 535 159 951 311 439 823 191 319 703 839 847 855 119 343 87 223 95 103 759 239 631 255
999: 518 270 398 526 278 150 30 158 293 806 294 558 822 702 830 958 718 606 990 230 366 766
